101.32437756665765
100.9985425840959
223.2684365781711
149.60997634917223
158.79691714836224
208.88167938931298
212.2838976052849
195.67118519875436
125.36458134655732
217.69055494303564
101.44614192560798
153.16291223643898
171.07284455632472
101.60300102807084
162.67407264296753
101.4805565244402
201.21912317327767
101.21444222935413
207.02706711160548
101.1931558645271
101.04063353262578
101.06375574352548
101.25718287193547
101.24808178382597
101.21849209396738
101.39123777914584
219.89771739130435
101.35883763424505
101.31416204523094
101.35260400983884
101.01146036733076
101.13012745129407
101.01185813950444
100.91425316472224
101.28874837952445
101.26095300669076
100.94237867281907
101.54593829295027
100.87509136790953
101.12398304304473
101.10397421779804
100.84941551523522
101.061754777897
100.98042701027565
100.84553641583956
101.64401408439107
100.89147018918158
101.15716325312492
100.65990036034617
100.88883307535481
100.4935976204968
100.9037404851789
101.26542015946113
100.56738185808943
100.61523848385627
100.75083975551422
100.62278030026845
101.15228947704097
156.80367786937222
138.83623843339788
160.6797398902662
163.3899503853056
156.49333171677984
143.21978919846393
182.1434695627322
186.0751553964965
130.3781583144464
101.38992005350626
101.42742099585593
179.64012325656827
101.13790118233608
212.0374722655929
101.57042443542548
116.78730498987734
116.53385204970387
101.1698287701487
179.14089688773987
101.30497520689704
101.40958884699816
205.01828197349514
101.35119663537452
157.31715842500256
140.9050035522176
156.57731701224083
159.7403846153846
163.77313599108777
181.3350495049505
101.39611389736217
166.6435664939551
101.52078912262598
100.97788874508277
199.9693789781524
101.20423031589526
171.98547676282053
101.19949341442006
101.31370553468125
129.3222358221134
101.08263682840989
101.28192726907363
101.2593343525323
101.28793364791308
101.18173936772342
