25.89305790151583
26.163868129978702
68.8
32.283321040986195
44.881819898055504
67.85412926391382
58.630403108305
42.896043165467624
63.48367785988214
68.2530048076923
26.12915259805209
50.30307311903921
63.324861367837336
26.16130381571085
42.93697798025816
26.208563118404523
45.3413237339442
26.105496811584565
54.7122441564733
26.059428529785542
26.083142157259502
26.136600492546854
26.127821036991183
26.075995133218854
26.162985360274643
26.16508029717591
53.53410910643749
26.219961447436294
26.15802337359284
26.190422352890813
25.986218838624993
26.110359117613548
26.155197629212932
25.988237820291072
26.134020800389443
26.20810689507692
25.986444377988516
26.248771170138905
26.000515081839712
26.094727482406217
26.286791125023587
26.055789039332446
26.14519449665246
25.996810052794824
26.120980227973423
26.239850417174257
26.197499015461755
26.13769802885514
26.16186970308018
26.040635443297056
26.12303729927491
26.324191437773912
25.881098677255498
25.980598740471265
26.08997478305943
26.20351732447571
25.89474029632335
26.2357713202727
85.07340134361782
68.13966480446928
40.76488154489349
42.876409142620744
73.81457268513016
21.219818953777136
46.76356335792324
28.62613111726685
26.364362139917695
26.18619298935683
26.247539065497048
26.607869634340222
26.206275398986566
20.11060948081264
26.128362111267865
60.67250029168125
45.037112932604735
26.21789039201224
34.926232703176765
26.20702057584247
26.253358583587485
24.8931955211025
26.22945916241741
100.40445924132365
76.58356545961003
103.942357116632
103.54333333333334
110.00249318270355
113.00838444220169
26.05029876704037
117.67072267484922
25.947061535644895
25.987671794227214
30.61576728499157
26.132294808697257
38.1437284800787
26.164102459229852
26.16564387319709
20.205042016806722
26.159679716327492
26.01768182877888
25.80344763041402
26.140706394294074
25.944192858646826
